x	y	c
0	 0	 0.548378
1	 0	 0.366327
2	 0	 0.252058
3	 0	 0.206378
4	 0	 0.194628
5	 0	 0.196073
6	 0	 0.203143
7	 0	 0.21379
8	 0	 0.2263
9	 0	 0.236734
10	 0	 0.240238
11	 0	 0.23509
12	 0	 0.224524
13	 0	 0.214012
14	 0	 0.207958
15	 0	 0.209709
16	 0	 0.223077
17	 0	 0.250771
18	 0	 0.286549
19	 0	 0.310999
20	 0	 0.307
21	 0	 0.276892
22	 0	 0.239302
23	 0	 0.213399
24	 0	 0.212176
25	 0	 0.255388
26	 0	 0.380175
27	 0	 0.577316
28	 0	 0.731354
29	 0	 0.790857
30	 0	 0.782958
31	 0	 0.707546
0	 1	 0.642726
1	 1	 0.492751
2	 1	 0.364906
3	 1	 0.290041
4	 1	 0.253974
5	 1	 0.237085
6	 1	 0.229438
7	 1	 0.227893
8	 1	 0.230355
9	 1	 0.233394
10	 1	 0.233414
11	 1	 0.228868
12	 1	 0.221169
13	 1	 0.213581
14	 1	 0.209674
15	 1	 0.212688
16	 1	 0.224912
17	 1	 0.245442
18	 1	 0.266709
19	 1	 0.27556
20	 1	 0.263995
21	 1	 0.238093
22	 1	 0.211979
23	 1	 0.19616
24	 1	 0.197386
25	 1	 0.231764
26	 1	 0.337274
27	 1	 0.527567
28	 1	 0.701718
29	 1	 0.78203
30	 1	 0.792199
31	 1	 0.749192
0	 2	 0.734186
1	 2	 0.6463
2	 2	 0.546289
3	 2	 0.459954
4	 2	 0.392285
5	 2	 0.337198
6	 2	 0.293137
7	 2	 0.263732
8	 2	 0.248645
9	 2	 0.2419
10	 2	 0.237067
11	 2	 0.230765
12	 2	 0.223337
13	 2	 0.218006
14	 2	 0.2197
15	 2	 0.233533
16	 2	 0.26127
17	 2	 0.296487
18	 2	 0.324109
19	 2	 0.328245
20	 2	 0.30406
21	 2	 0.26309
22	 2	 0.224431
23	 2	 0.200232
24	 2	 0.194324
25	 2	 0.216568
26	 2	 0.299835
27	 2	 0.474906
28	 2	 0.666086
29	 2	 0.770646
30	 2	 0.799955
31	 2	 0.786084
0	 3	 0.793
1	 3	 0.758453
2	 3	 0.710183
3	 3	 0.652123
4	 3	 0.581337
5	 3	 0.493063
6	 3	 0.397526
7	 3	 0.320775
8	 3	 0.275965
9	 3	 0.254447
10	 3	 0.243105
11	 3	 0.234525
12	 3	 0.228068
13	 3	 0.228765
14	 3	 0.246129
15	 3	 0.289814
16	 3	 0.357692
17	 3	 0.428661
18	 3	 0.47518
19	 3	 0.479037
20	 3	 0.436516
21	 3	 0.36111
22	 3	 0.282319
23	 3	 0.227203
24	 3	 0.202934
25	 3	 0.210849
26	 3	 0.273851
27	 3	 0.430074
28	 3	 0.631195
29	 3	 0.758487
30	 3	 0.804449
31	 3	 0.809726
0	 4	 0.820959
1	 4	 0.811632
2	 4	 0.795415
3	 4	 0.768629
4	 4	 0.71903
5	 4	 0.628598
6	 4	 0.49963
7	 4	 0.377499
8	 4	 0.300941
9	 4	 0.264229
10	 4	 0.247116
11	 4	 0.23767
12	 4	 0.235191
13	 4	 0.249318
14	 4	 0.298232
15	 4	 0.39366
16	 4	 0.512505
17	 4	 0.610388
18	 4	 0.663037
19	 4	 0.667079
20	 4	 0.62065
21	 4	 0.5224
22	 4	 0.393733
23	 4	 0.284486
24	 4	 0.225916
25	 4	 0.215107
26	 4	 0.260691
27	 4	 0.398575
28	 4	 0.602145
29	 4	 0.747281
30	 4	 0.80619
31	 4	 0.821959
0	 5	 0.832105
1	 5	 0.830699
2	 5	 0.824901
3	 5	 0.810176
4	 5	 0.772313
5	 5	 0.686264
6	 5	 0.54462
7	 5	 0.400158
8	 5	 0.307999
9	 5	 0.264907
10	 5	 0.246545
11	 5	 0.239176
12	 5	 0.244374
13	 5	 0.279307
14	 5	 0.371154
15	 5	 0.518026
16	 5	 0.658351
17	 5	 0.744782
18	 5	 0.78187
19	 5	 0.784888
20	 5	 0.753739
21	 5	 0.670751
22	 5	 0.525179
23	 5	 0.364721
24	 5	 0.261719
25	 5	 0.227651
26	 5	 0.257751
27	 5	 0.379104
28	 5	 0.579045
29	 5	 0.73667
30	 5	 0.805744
31	 5	 0.827391
0	 6	 0.834107
1	 6	 0.833259
2	 6	 0.826567
3	 6	 0.808222
4	 6	 0.762158
5	 6	 0.663951
6	 6	 0.514933
7	 6	 0.374811
8	 6	 0.291549
9	 6	 0.255195
10	 6	 0.241297
11	 6	 0.238562
12	 6	 0.252997
13	 6	 0.309796
14	 6	 0.43977
15	 6	 0.614226
16	 6	 0.744342
17	 6	 0.806074
18	 6	 0.827913
19	 6	 0.829665
20	 6	 0.81151
21	 6	 0.752803
22	 6	 0.620527
23	 6	 0.436542
24	 6	 0.298031
25	 6	 0.242673
26	 6	 0.259394
27	 6	 0.364855
28	 6	 0.555603
29	 6	 0.721902
30	 6	 0.801025
31	 6	 0.827484
0	 7	 0.824976
1	 7	 0.819906
2	 7	 0.803037
3	 7	 0.76571
4	 7	 0.691475
5	 7	 0.569768
6	 7	 0.427035
7	 7	 0.317851
8	 7	 0.261823
9	 7	 0.240267
10	 7	 0.233603
11	 7	 0.23568
12	 7	 0.256801
13	 7	 0.327311
14	 7	 0.477666
15	 7	 0.659753
16	 7	 0.777042
17	 7	 0.824766
18	 7	 0.839474
19	 7	 0.839795
20	 7	 0.825354
21	 7	 0.776281
22	 7	 0.654604
23	 7	 0.468068
24	 7	 0.317098
25	 7	 0.25188
26	 7	 0.259091
27	 7	 0.347282
28	 7	 0.521173
29	 7	 0.692324
30	 7	 0.784428
31	 7	 0.817685
0	 8	 0.788492
1	 8	 0.772181
2	 8	 0.732389
3	 8	 0.661446
4	 8	 0.555591
5	 8	 0.431251
6	 8	 0.324955
7	 8	 0.261499
8	 8	 0.234748
9	 8	 0.226918
10	 8	 0.226121
11	 8	 0.230777
12	 8	 0.252888
13	 8	 0.323178
14	 8	 0.472647
15	 8	 0.6546
16	 8	 0.772433
17	 8	 0.82006
18	 8	 0.833496
19	 8	 0.830922
20	 8	 0.810924
21	 8	 0.753132
22	 8	 0.625658
23	 8	 0.447122
24	 8	 0.309604
25	 8	 0.250528
26	 8	 0.25336
27	 8	 0.321639
28	 8	 0.466818
29	 8	 0.632103
30	 8	 0.738352
31	 8	 0.781739
0	 9	 0.688516
1	 9	 0.654151
2	 9	 0.588239
3	 9	 0.497191
4	 9	 0.396946
5	 9	 0.31071
6	 9	 0.254548
7	 9	 0.227695
8	 9	 0.219248
9	 9	 0.218712
10	 9	 0.220283
11	 9	 0.224553
12	 9	 0.242084
13	 9	 0.299096
14	 9	 0.427274
15	 9	 0.600392
16	 9	 0.729756
17	 9	 0.788871
18	 9	 0.804451
19	 9	 0.794421
20	 9	 0.756742
21	 9	 0.674243
22	 9	 0.536433
23	 9	 0.383844
24	 9	 0.282227
25	 9	 0.241673
26	 9	 0.244439
27	 9	 0.291445
28	 9	 0.395247
29	 9	 0.530923
30	 9	 0.636854
31	 9	 0.686396
0	 10	 0.511695
1	 10	 0.471029
2	 10	 0.410745
3	 10	 0.346289
4	 10	 0.291078
5	 10	 0.252439
6	 10	 0.230322
7	 10	 0.220127
8	 10	 0.216712
9	 10	 0.216218
10	 10	 0.216405
11	 10	 0.218091
12	 10	 0.228535
13	 10	 0.266352
14	 10	 0.359108
15	 10	 0.504406
16	 10	 0.637635
17	 10	 0.710071
18	 10	 0.726263
19	 10	 0.700286
20	 10	 0.635366
21	 10	 0.532549
22	 10	 0.41038
23	 10	 0.308676
24	 10	 0.252449
25	 10	 0.233437
26	 10	 0.238364
27	 10	 0.266889
28	 10	 0.326583
29	 10	 0.409872
30	 10	 0.483352
31	 10	 0.518833
0	 11	 0.344958
1	 11	 0.32019
2	 11	 0.294493
3	 11	 0.276239
4	 11	 0.266373
5	 11	 0.260108
6	 11	 0.252109
7	 11	 0.24085
8	 11	 0.229138
9	 11	 0.220294
10	 11	 0.214888
11	 11	 0.212722
12	 11	 0.217208
13	 11	 0.239321
14	 11	 0.297803
15	 11	 0.4
16	 11	 0.509422
17	 11	 0.574791
18	 11	 0.580081
19	 11	 0.535789
20	 11	 0.460042
21	 11	 0.37428
22	 11	 0.300839
23	 11	 0.254495
24	 11	 0.234992
25	 11	 0.232909
26	 11	 0.240741
27	 11	 0.257037
28	 11	 0.283841
29	 11	 0.318265
30	 11	 0.347096
31	 11	 0.356758
0	 12	 0.259854
1	 12	 0.254701
2	 12	 0.263288
3	 12	 0.288766
4	 12	 0.321126
5	 12	 0.341243
6	 12	 0.335342
7	 12	 0.304766
8	 12	 0.265437
9	 12	 0.234654
10	 12	 0.217344
11	 12	 0.210316
12	 12	 0.212436
13	 12	 0.228879
14	 12	 0.269824
15	 12	 0.33838
16	 12	 0.409974
17	 12	 0.444766
18	 12	 0.427863
19	 12	 0.376316
20	 12	 0.317624
21	 12	 0.270714
22	 12	 0.242435
23	 12	 0.2319
24	 12	 0.234436
25	 12	 0.244144
26	 12	 0.25565
27	 12	 0.265511
28	 12	 0.272814
29	 12	 0.277201
30	 12	 0.276655
31	 12	 0.269807
0	 13	 0.235679
1	 13	 0.24855
2	 13	 0.293622
3	 13	 0.372454
4	 13	 0.455433
5	 13	 0.50213
6	 13	 0.491626
7	 13	 0.42663
8	 13	 0.336729
9	 13	 0.264697
10	 13	 0.226734
11	 13	 0.214298
12	 13	 0.220119
13	 13	 0.245261
14	 13	 0.292459
15	 13	 0.352966
16	 13	 0.398536
17	 13	 0.39969
18	 13	 0.35618
19	 13	 0.298155
20	 13	 0.254104
21	 13	 0.231408
22	 13	 0.226163
23	 13	 0.233674
24	 13	 0.250219
25	 13	 0.27085
26	 13	 0.287992
27	 13	 0.294416
28	 13	 0.288282
29	 13	 0.273677
30	 13	 0.256431
31	 13	 0.241694
0	 14	 0.238949
1	 14	 0.272428
2	 14	 0.362353
3	 14	 0.498794
4	 14	 0.618463
5	 14	 0.674775
6	 14	 0.659685
7	 14	 0.571619
8	 14	 0.432224
9	 14	 0.309414
10	 14	 0.245571
11	 14	 0.230546
12	 14	 0.251528
13	 14	 0.305988
14	 14	 0.383734
15	 14	 0.45563
16	 14	 0.486088
17	 14	 0.455003
18	 14	 0.376003
19	 14	 0.295042
20	 14	 0.246173
21	 14	 0.22902
22	 14	 0.232882
23	 14	 0.251612
24	 14	 0.282062
25	 14	 0.317222
26	 14	 0.342995
27	 14	 0.346033
28	 14	 0.325173
29	 14	 0.292062
30	 14	 0.260715
31	 14	 0.240286
0	 15	 0.250607
1	 15	 0.30512
2	 15	 0.436451
3	 15	 0.608149
4	 15	 0.729654
5	 15	 0.775742
6	 15	 0.759649
7	 15	 0.672491
8	 15	 0.512145
9	 15	 0.354264
10	 15	 0.272626
11	 15	 0.265454
12	 15	 0.319566
13	 15	 0.422586
14	 15	 0.535884
15	 15	 0.612981
16	 15	 0.628203
17	 15	 0.571706
18	 15	 0.455606
19	 15	 0.336513
20	 15	 0.266013
21	 15	 0.243076
22	 15	 0.250413
23	 15	 0.279655
24	 15	 0.327108
25	 15	 0.380814
26	 15	 0.416652
27	 15	 0.414345
28	 15	 0.375064
29	 15	 0.320401
30	 15	 0.273749
31	 15	 0.247368
0	 16	 0.259532
1	 16	 0.328227
2	 16	 0.483631
3	 16	 0.665619
4	 16	 0.77552
5	 16	 0.81028
6	 16	 0.792361
7	 16	 0.708527
8	 16	 0.545296
9	 16	 0.379411
10	 16	 0.300589
11	 16	 0.317411
12	 16	 0.417656
13	 16	 0.561682
14	 16	 0.680024
15	 16	 0.739109
16	 16	 0.73964
17	 16	 0.675247
18	 16	 0.540384
19	 16	 0.388329
20	 16	 0.292909
21	 16	 0.260731
22	 16	 0.269703
23	 16	 0.308755
24	 16	 0.372419
25	 16	 0.442235
26	 16	 0.484703
27	 16	 0.475446
28	 16	 0.418755
29	 16	 0.344778
30	 16	 0.284923
31	 16	 0.253404
0	 17	 0.260301
1	 17	 0.331636
2	 17	 0.490844
3	 17	 0.672459
4	 17	 0.777587
5	 17	 0.806954
6	 17	 0.781966
7	 17	 0.688893
8	 17	 0.524153
9	 17	 0.372791
10	 17	 0.317707
11	 17	 0.369578
12	 17	 0.510407
13	 17	 0.665983
14	 17	 0.762553
15	 17	 0.797982
16	 17	 0.787716
17	 17	 0.721611
18	 17	 0.581491
19	 17	 0.415158
20	 17	 0.307663
21	 17	 0.271149
22	 17	 0.281519
23	 17	 0.32594
24	 17	 0.39697
25	 17	 0.471978
26	 17	 0.513904
27	 17	 0.498638
28	 17	 0.433099
29	 17	 0.35117
30	 17	 0.286748
31	 17	 0.253687
0	 18	 0.253895
1	 18	 0.316981
2	 18	 0.461622
3	 18	 0.635979
4	 18	 0.743908
5	 18	 0.771277
6	 18	 0.731773
7	 18	 0.618758
8	 18	 0.457433
9	 18	 0.337914
10	 18	 0.31721
11	 18	 0.402328
12	 18	 0.566389
13	 18	 0.714819
14	 18	 0.789518
15	 18	 0.807943
16	 18	 0.785256
17	 18	 0.707368
18	 18	 0.560474
19	 18	 0.398931
20	 18	 0.29999
21	 18	 0.268598
22	 18	 0.280435
23	 18	 0.322839
24	 18	 0.387799
25	 18	 0.45402
26	 18	 0.488429
27	 18	 0.470576
28	 18	 0.408895
29	 18	 0.334953
30	 18	 0.277769
31	 18	 0.248369
0	 19	 0.245703
1	 19	 0.294337
2	 19	 0.409681
3	 19	 0.562065
4	 19	 0.668311
5	 19	 0.692072
6	 19	 0.635524
7	 19	 0.510761
8	 19	 0.372805
9	 19	 0.295504
10	 19	 0.306775
11	 19	 0.412204
12	 19	 0.579971
13	 19	 0.715096
14	 19	 0.774096
15	 19	 0.776406
16	 19	 0.731814
17	 19	 0.6305
18	 19	 0.4821
19	 19	 0.347969
20	 19	 0.276074
21	 19	 0.25715
22	 19	 0.269831
23	 19	 0.303667
24	 19	 0.351808
25	 19	 0.398787
26	 19	 0.421298
27	 19	 0.405299
28	 19	 0.358635
29	 19	 0.304691
30	 19	 0.263064
31	 19	 0.241332
0	 20	 0.24133
1	 20	 0.275534
2	 20	 0.355894
3	 20	 0.469464
4	 20	 0.5573
5	 20	 0.573823
6	 20	 0.513944
7	 20	 0.406687
8	 20	 0.311463
9	 20	 0.273863
10	 20	 0.306934
11	 20	 0.414728
12	 20	 0.562897
13	 20	 0.672025
14	 20	 0.708735
15	 20	 0.68518
16	 20	 0.611282
17	 20	 0.497469
18	 20	 0.376513
19	 20	 0.291423
20	 20	 0.254021
21	 20	 0.248704
22	 20	 0.260419
23	 20	 0.282121
24	 20	 0.309638
25	 20	 0.334788
26	 20	 0.345299
27	 20	 0.333958
28	 20	 0.305889
29	 20	 0.274221
30	 20	 0.249586
31	 20	 0.236896
0	 21	 0.24361
1	 21	 0.267759
2	 21	 0.319041
3	 21	 0.391775
4	 21	 0.451945
5	 21	 0.464427
6	 21	 0.423735
7	 21	 0.357151
8	 21	 0.306932
9	 21	 0.300162
10	 21	 0.345159
11	 21	 0.436656
12	 21	 0.537513
13	 21	 0.593546
14	 21	 0.586389
15	 21	 0.529629
16	 21	 0.445145
17	 21	 0.358279
18	 21	 0.293259
19	 21	 0.260892
20	 21	 0.254258
21	 21	 0.259494
22	 21	 0.266575
23	 21	 0.272745
24	 21	 0.279281
25	 21	 0.285357
26	 21	 0.286579
27	 21	 0.279669
28	 21	 0.266426
29	 21	 0.252157
30	 21	 0.241515
31	 21	 0.23741
0	 22	 0.252442
1	 22	 0.271131
2	 22	 0.303982
3	 22	 0.348636
4	 22	 0.389766
5	 22	 0.409449
6	 22	 0.403983
7	 22	 0.387305
8	 22	 0.381202
9	 22	 0.400751
10	 22	 0.44668
11	 22	 0.50175
12	 22	 0.532302
13	 22	 0.512151
14	 22	 0.44932
15	 22	 0.374041
16	 22	 0.311439
17	 22	 0.274003
18	 22	 0.264901
19	 22	 0.278634
20	 22	 0.300719
21	 22	 0.313751
22	 22	 0.308261
23	 22	 0.289068
24	 22	 0.269367
25	 22	 0.256981
26	 22	 0.250581
27	 22	 0.246373
28	 22	 0.242775
29	 22	 0.240359
30	 22	 0.240217
31	 22	 0.243512
0	 23	 0.266538
1	 23	 0.281027
2	 23	 0.302664
3	 23	 0.332446
4	 23	 0.368311
5	 23	 0.407535
6	 23	 0.448361
7	 23	 0.488399
8	 23	 0.526854
9	 23	 0.564544
10	 23	 0.595788
11	 23	 0.602565
12	 23	 0.560495
13	 23	 0.465339
14	 23	 0.3578
15	 23	 0.2827
16	 23	 0.25044
17	 23	 0.257535
18	 23	 0.300773
19	 23	 0.365584
20	 23	 0.421119
21	 23	 0.438491
22	 23	 0.407684
23	 23	 0.344642
24	 23	 0.283938
25	 23	 0.247409
26	 23	 0.232375
27	 23	 0.229512
28	 23	 0.232889
29	 23	 0.239547
30	 23	 0.247625
31	 23	 0.256294
0	 24	 0.285711
1	 24	 0.29184
2	 24	 0.303123
3	 24	 0.324014
4	 24	 0.361671
5	 24	 0.425166
6	 24	 0.513277
7	 24	 0.602936
8	 24	 0.669823
9	 24	 0.709118
10	 24	 0.721254
11	 24	 0.694363
12	 24	 0.604585
13	 24	 0.456255
14	 24	 0.320843
15	 24	 0.251888
16	 24	 0.245926
17	 24	 0.297535
18	 24	 0.401635
19	 24	 0.518779
20	 24	 0.5968
21	 24	 0.609876
22	 24	 0.551858
23	 24	 0.437829
24	 24	 0.322556
25	 24	 0.25369
26	 24	 0.228179
27	 24	 0.22727
28	 24	 0.238994
29	 24	 0.255693
30	 24	 0.270699
31	 24	 0.280233
0	 25	 0.312261
1	 25	 0.299834
2	 25	 0.29649
3	 25	 0.307785
4	 25	 0.344668
5	 25	 0.423988
6	 25	 0.545815
7	 25	 0.668045
8	 25	 0.747574
9	 25	 0.783261
10	 25	 0.785749
11	 25	 0.746738
12	 25	 0.637045
13	 25	 0.462046
14	 25	 0.31477
15	 25	 0.254683
16	 25	 0.275651
17	 25	 0.377316
18	 25	 0.534873
19	 25	 0.670212
20	 25	 0.738195
21	 25	 0.740948
22	 25	 0.674999
23	 25	 0.534169
24	 25	 0.373293
25	 25	 0.272781
26	 25	 0.239004
27	 25	 0.245509
28	 25	 0.273159
29	 25	 0.305192
30	 25	 0.32501
31	 25	 0.325097
0	 26	 0.348555
1	 26	 0.303787
2	 26	 0.280505
3	 26	 0.279739
4	 26	 0.308518
5	 26	 0.386158
6	 26	 0.5204
7	 26	 0.665423
8	 26	 0.761046
9	 26	 0.801511
10	 26	 0.802553
11	 26	 0.758244
12	 26	 0.638889
13	 26	 0.456861
14	 26	 0.314592
15	 26	 0.269068
16	 26	 0.318469
17	 26	 0.463386
18	 26	 0.64326
19	 26	 0.761258
20	 26	 0.806068
21	 26	 0.800627
22	 26	 0.738768
23	 26	 0.596211
24	 26	 0.416261
25	 26	 0.300442
26	 26	 0.270029
27	 26	 0.298005
28	 26	 0.356183
29	 26	 0.409697
30	 26	 0.427295
31	 26	 0.400248
0	 27	 0.389633
1	 27	 0.302906
2	 27	 0.258415
3	 27	 0.246414
4	 27	 0.262857
5	 27	 0.322322
6	 27	 0.442382
7	 27	 0.59611
8	 27	 0.715863
9	 27	 0.773359
10	 27	 0.777682
11	 27	 0.725216
12	 27	 0.596554
13	 27	 0.42368
14	 27	 0.303538
15	 27	 0.277826
16	 27	 0.350045
17	 27	 0.518877
18	 27	 0.698384
19	 27	 0.796357
20	 27	 0.825951
21	 27	 0.81394
22	 27	 0.750733
23	 27	 0.609758
24	 27	 0.434439
25	 27	 0.329626
26	 27	 0.323673
27	 27	 0.392512
28	 27	 0.490355
29	 27	 0.559126
30	 27	 0.562779
31	 27	 0.495576
0	 28	 0.422193
1	 28	 0.296009
2	 28	 0.235073
3	 28	 0.216471
4	 28	 0.222852
5	 28	 0.258867
6	 28	 0.342643
7	 28	 0.473241
8	 28	 0.602297
9	 28	 0.67953
10	 28	 0.690359
11	 28	 0.630787
12	 28	 0.504286
13	 28	 0.362777
14	 28	 0.278168
15	 28	 0.271745
16	 28	 0.352619
17	 28	 0.523296
18	 28	 0.698251
19	 28	 0.790736
20	 28	 0.814648
21	 28	 0.793012
22	 28	 0.715567
23	 28	 0.570236
24	 28	 0.417091
25	 28	 0.348007
26	 28	 0.385869
27	 28	 0.503002
28	 28	 0.626039
29	 28	 0.690333
30	 28	 0.676437
31	 28	 0.577498
0	 29	 0.439858
1	 29	 0.285607
2	 29	 0.214959
3	 29	 0.194377
4	 29	 0.195927
5	 29	 0.214932
6	 29	 0.261239
7	 29	 0.343274
8	 29	 0.442332
9	 29	 0.51549
10	 29	 0.530677
11	 29	 0.48059
12	 29	 0.385888
13	 29	 0.295438
14	 29	 0.248107
15	 29	 0.253404
16	 29	 0.324789
17	 29	 0.473327
18	 29	 0.638016
19	 29	 0.73533
20	 29	 0.758185
21	 29	 0.720506
22	 29	 0.620608
23	 29	 0.477952
24	 29	 0.364887
25	 29	 0.343944
26	 29	 0.4294
27	 29	 0.584401
28	 29	 0.71198
29	 29	 0.762673
30	 29	 0.73855
31	 29	 0.62607
0	 30	 0.453396
1	 30	 0.281465
2	 30	 0.203205
3	 30	 0.181458
4	 30	 0.181501
5	 30	 0.192406
6	 30	 0.215992
7	 30	 0.257151
8	 30	 0.311098
9	 30	 0.356361
10	 30	 0.368782
11	 30	 0.341499
12	 30	 0.291412
13	 30	 0.246751
14	 30	 0.224967
15	 30	 0.232426
16	 30	 0.281418
17	 30	 0.385653
18	 30	 0.516078
19	 30	 0.606124
20	 30	 0.624199
21	 30	 0.572582
22	 30	 0.469232
23	 30	 0.359084
24	 30	 0.29802
25	 30	 0.318961
26	 30	 0.438894
27	 30	 0.61826
28	 30	 0.746698
29	 30	 0.789955
30	 30	 0.763866
31	 30	 0.651412
0	 31	 0.483842
1	 31	 0.300669
2	 31	 0.208911
3	 31	 0.181054
4	 31	 0.178703
5	 31	 0.186013
6	 31	 0.199616
7	 31	 0.220163
8	 31	 0.245794
9	 31	 0.267885
10	 31	 0.275203
11	 31	 0.264043
12	 31	 0.242306
13	 31	 0.222394
14	 31	 0.212359
15	 31	 0.216866
16	 31	 0.243393
17	 31	 0.300228
18	 31	 0.376476
19	 31	 0.433465
20	 31	 0.439624
21	 31	 0.394134
22	 31	 0.322983
23	 31	 0.263556
24	 31	 0.243902
25	 31	 0.285889
26	 31	 0.418327
27	 31	 0.611669
28	 31	 0.748783
29	 31	 0.795151
30	 31	 0.774478
31	 31	 0.674177
